,prediction,units_purchased,loyalty_segment,num_orders,total_spend,avg_order_value,num_distinct_products,num_distinct_categories,customer_tenure_days,recency_days,cluster
0,20,58,3,7,104715,14959.285714285714,6,4,0,182,2
1,48,7,1,3,9834,3278.0,3,3,0,0,1
2,38,1,0,142,507000,3570.4225352112676,136,6,178,0,3
3,4,5,0,4,30307,7576.75,4,2,0,185,1
4,14,1,0,4,3211,802.75,4,3,0,200,1
5,5,3,0,7,54945,7849.285714285715,7,4,0,164,2
6,19,8,2,5,27796,5559.2,5,3,0,143,1
7,5,6,1,4,52800,13200.0,4,4,0,141,2
8,23,716,3,124,1406196,11340.290322580646,117,6,83,127,4
9,37,7,1,4,22159,5539.75,4,3,0,144,1
10,25,21,3,6,23188,3864.6666666666665,6,4,0,185,1
11,28,5,0,4,34061,8515.25,4,3,0,156,1
12,20,28,3,2,5136,2568.0,2,2,0,158,1
13,12,9,2,6,14940,2490.0,6,3,0,205,1
14,40,5,0,2,26390,13195.0,2,2,0,129,1
15,15,9,2,5,93090,18618.0,4,3,0,136,2
16,3,3,0,2,36094,18047.0,2,2,0,200,1
17,49,1,0,5,35404,7080.8,5,3,0,193,1
18,18,8,2,3,61434,20478.0,3,3,0,200,2
19,10,6,1,7,57060,8151.428571428572,7,5,0,154,2
20,15,14,3,2,2650,1325.0,2,2,0,155,1
21,5,22,3,4,38237,9559.25,4,3,0,176,1
22,37,52,3,4,66609,16652.25,4,3,0,185,2
23,15,19,3,3,20006,6668.666666666667,3,2,0,137,1
24,10,16,3,1,2764,2764.0,1,1,0,158,1
